258.938601989
554.092828414
237.455367977
365.777886712
234.219583869
459.05160866
409.197424461
248.379430517
335.172780436
441.905326321
484.525137477
329.990281509
222.710018825
265.569577767
282.846325455
422.002372164
341.211922449
388.856859179
295.338268729
281.057785041
234.408897519
240.209396737
248.19679964
233.019553699
535.598620925
222.76484133
361.166936374
375.98148383
447.595665972
232.003644934
285.884738416
226.324135297
365.097409819
153.780255221
371.227251755
286.16949104
284.448705193
312.376286919
312.619363869
308.304032608
287.449241494
334.820180857
286.615838459
311.119250232
307.29257462
213.47501426
372.956100919
452.123317663
319.831523961
306.50240371
344.778461874
421.413651684
267.363525369
181.799286651
348.208468385
273.797663855
300.229453861
392.393373351
188.286056449
420.47105912
325.401390628
334.203739214
186.556917881
302.154608957
252.139098632
500.242398605
350.639062453
548.245849035
231.804033316
323.533153014
400.545056466
391.147154191
337.790433963
189.732100667
261.417741298
233.879396059
340.161924846
261.934722995
258.207934232
310.892108059
280.559429417
416.636431127
491.39075849
181.706832226
266.175718971
243.199404205
440.058549907
366.379310215
317.348864917
318.675485255
359.03233775
212.897311295
189.015179859
271.866861971
259.506178931
210.084641856
281.551362541
235.96009757
384.057671244
407.59176177
273.976208499
288.325625609
301.062341627
407.859794732
583.094652847
530.388888529
351.789501635
313.229759828
256.271848556
332.413701704
190.219380547
394.628641636
254.23784025
270.158844201
377.171661029
291.365577047
226.534395523
286.115888383
289.293140876
347.178000175
181.738019011
142.066024066
268.900183443
286.623446397
198.404653204
235.982365478
265.921134097
291.160834621
319.596722034
298.345982211
204.097001229
268.216356428
489.165235515
273.673469283
413.656838311
246.055835116
397.233610146
284.737773678
378.375037135
410.54816376
433.282211791
263.419766155
189.241825502
233.888722141
452.421153407
212.169986922
195.530818132
208.290334848
565.833477435
529.026056784
297.908853691
227.374928143
218.42627925
349.569487909
213.252759808
260.824193814
203.655673488
377.813183099
222.512987034
336.101550717
175.958789735
249.408381817
497.955140378
248.379430517
356.319615683
352.885189475
278.383317468
508.052192443
213.757103312
361.706180336
284.834842297
320.948165307
403.894239581
227.26020976
434.094207609
241.896962781
297.385998072
347.69427913
408.360852747
292.085847902
283.096943878
466.623286981
203.44775514
278.841399341
190.232978163
248.481238538
207.698885829
313.418571183
470.925880556
486.157940918
285.951497044
299.678499063
316.317909517
348.006734188
348.481001511
425.353300515
266.05851448
257.186821488
264.224485609
593.668156443
400.182008462
284.942034576
224.435142102
288.02105439
356.500181249
250.636609314
217.114934656
379.138771989
223.914966724
212.169986922
329.329111437
292.198328452
339.716616353
216.969651304
202.689882492
226.792330483
336.985299746
275.715497396
216.229109432
436.296250149
330.341304247
262.822997376
234.816878021
300.101285097
287.910502531
232.750053494
323.692612325
415.697686803
236.480272948
213.7005731
126.354067959
222.487632389
285.308122235
500.511708463
330.963984021
380.371541847
191.92112001
172.922413521
331.523429991
228.240993663
552.596989157
365.053784207
451.38563122
207.344567016
385.39163372
306.869863416
337.895874721
275.726078783
157.145657894
329.990281509
331.637241716
235.439922192
176.133674363
511.821915696
158.545891368
301.305970067
392.792965985
200.003643424
293.385234535
317.695990239
503.475079812
264.785560414
606.971129236
190.265886502
271.063651113
650.837799732
290.025090862
453.273179024
382.296097359
164.769820709
293.742190061
331.96924461
260.723839417
268.035107952
389.901062032
235.337176317
391.664980637
208.817282899
187.425874543
229.586443137
263.541529627
190.994981416
412.240993235
268.097826324
411.784639286
176.429523354
257.729531143
367.275649079
181.738019011
367.801224124
391.240624704
274.10074756
492.896850405
271.865030393
509.08415055
440.021271319
238.63629364
325.767079012
320.085930263
228.977221434
274.106731759
328.338069821
415.323782416
341.633768269
206.895516425
405.289911265
192.753331288
455.572901746
329.990281509
203.166889725
286.452184077
459.447375538
359.797786483
117.83822137
353.895475903
402.7844703
303.115264304
346.337425554
199.952579256
456.589489405
362.354679209
387.349598914
288.306723859
223.126463526
269.972169848
358.40852062
464.202345991
302.510054477
336.404741256
361.827693302
276.039476945
182.811586714
191.405646188
353.652969212
346.75874919
443.540140307
459.650581869
365.391472227
459.650581869
232.630324427
304.638928404
314.244148783
369.239194231
150.173500617
260.034599763
249.408381817
235.142468622
274.273254731
269.386273853
325.157267054
171.320595365
257.758530562
325.852785942
281.501123209
286.880339216
278.751254258
287.158978262
280.449835971
297.508814492
409.345630998
200.326530625
272.524375137
335.380333599
263.341208384
354.184132668
416.44110066
274.704349539
192.935004139
384.447104745
301.811555377
354.189165733
471.59971611
320.037576706
295.662972369
333.706285241
311.220523804
288.6405735
207.575262876
314.904530652
259.10097061
490.292824584
292.728938829
341.26509527
407.260494699
323.056017826
203.292621164
291.174936065
515.253509526
445.752654024
236.159636128
408.526526784
397.316399985
296.303125269
364.469801203
428.031737203
167.424247022
299.707371916
354.298869593
301.414697533
399.060872694
249.597330695
389.304037328
333.108827917
397.503295039
424.57411104
316.566453062
320.815194173
378.414426888
197.220900192
301.47016767
342.164852781
638.487420438
230.212149275
588.533593566
548.49449843
371.832883403
320.209519264
353.26543911
355.768528297
288.661106286
530.92227771
209.430637301
229.829537582
300.028386548
368.760486303
262.644349173
383.75281993
186.025552508
350.469759608
301.47016767
233.618315665
298.356449128
452.123317663
275.069909787
235.754785814
269.337053897
512.480356901
348.308328668
310.210073373
241.228941598
258.208237282
339.420541843
299.696500704
480.431150598
351.651320391
451.953261156
249.013160737
399.002089837
268.441971298
263.753513554
173.741199967
434.547418579
292.756644943
367.723105224
569.76760886
264.32478516
396.533761675
649.057150761
394.638800403
317.61700974
324.427423319
270.54005155
375.625812013
327.394086311
-799.487848973
272.35584161
303.692436707
296.907676892
323.767644106
291.175588897
425.655528273
521.988168095
272.510498037
291.26213043
404.572859318
231.759405299
295.662972369
502.509796854
545.770304644
573.869355961
361.719411241
339.66170137
267.235167614
496.055914722
272.138406422
280.988512578
200.13321062
359.469959835
371.227251755
207.441742658
477.041039662
296.150019329
192.039282258
339.241318524
203.590089101
418.760522749
357.376266095
539.946513284
357.922897778
173.797084519